
===================================== 
  Initial design 
===================================== 


*************************************** 
 Population Fisher Matrix 
*************************************** 

                         μ_V          μ_Cl        μ_kout        μ_Imax        μ_IC50     μ_gamma         ω²_V        ω²_Cl      ω²_kout
μ_V            483.916408218 -2.517419e+01 -0.0014736973 -10.109546538  1.4154653339  0.04013153 0.000000e+00 0.000000e+00 0.000000e+00
μ_Cl           -25.174186892  1.783792e+03 -0.0005391412  -3.181873533  0.4813187882  0.28273889 0.000000e+00 0.000000e+00 0.000000e+00
μ_kout          -0.001473697 -5.391412e-04  0.8845302842   0.006794572 -0.0009422154 -0.01083619 0.000000e+00 0.000000e+00 0.000000e+00
μ_Imax         -10.109546538 -3.181874e+00  0.0067945723  42.730474927 -6.0327652746 -0.80246885 0.000000e+00 0.000000e+00 0.000000e+00
μ_IC50           1.415465334  4.813188e-01 -0.0009422154  -6.032765275  0.8744656079  0.24871028 0.000000e+00 0.000000e+00 0.000000e+00
μ_gamma          0.040131526  2.827389e-01 -0.0108361859  -0.802468849  0.2487102822  1.05564582 0.000000e+00 0.000000e+00 0.000000e+00
ω²_V             0.000000000  0.000000e+00  0.0000000000   0.000000000  0.0000000000  0.00000000 1.170352e+03 4.534602e-01 7.472493e-07
ω²_Cl            0.000000000  0.000000e+00  0.0000000000   0.000000000  0.0000000000  0.00000000 4.534602e-01 3.259638e+02 1.431880e-08
ω²_kout          0.000000000  0.000000e+00  0.0000000000   0.000000000  0.0000000000  0.00000000 7.472493e-07 1.431880e-08 1.853308e+01
ω²_Imax          0.000000000  0.000000e+00  0.0000000000   0.000000000  0.0000000000  0.00000000 5.387692e-01 7.641134e-03 1.675471e-05
ω²_IC50          0.000000000  0.000000e+00  0.0000000000   0.000000000  0.0000000000  0.00000000 1.554435e+00 2.573311e-02 4.741849e-05
ω²_gamma         0.000000000  0.000000e+00  0.0000000000   0.000000000  0.0000000000  0.00000000 1.127829e-04 8.014851e-04 5.661062e-04
σ_slope_RespPK   0.000000000  0.000000e+00  0.0000000000   0.000000000  0.0000000000  0.00000000 1.415718e+02 1.988592e+01 5.059355e-06
σ_inter_RespPD   0.000000000  0.000000e+00  0.0000000000   0.000000000  0.0000000000  0.00000000 5.179129e-02 5.257029e-04 1.058648e-02
                    ω²_Imax      ω²_IC50     ω²_gamma σ_slope_RespPK σ_inter_RespPD
μ_V            0.000000e+00 0.000000e+00 0.0000000000   0.000000e+00   0.0000000000
μ_Cl           0.000000e+00 0.000000e+00 0.0000000000   0.000000e+00   0.0000000000
μ_kout         0.000000e+00 0.000000e+00 0.0000000000   0.000000e+00   0.0000000000
μ_Imax         0.000000e+00 0.000000e+00 0.0000000000   0.000000e+00   0.0000000000
μ_IC50         0.000000e+00 0.000000e+00 0.0000000000   0.000000e+00   0.0000000000
μ_gamma        0.000000e+00 0.000000e+00 0.0000000000   0.000000e+00   0.0000000000
ω²_V           5.387692e-01 1.554435e+00 0.0001127829   1.415718e+02   0.0517912880
ω²_Cl          7.641134e-03 2.573311e-02 0.0008014851   1.988592e+01   0.0005257029
ω²_kout        1.675471e-05 4.741849e-05 0.0005661062   5.059355e-06   0.0105864824
ω²_Imax        1.015263e+01 2.978315e+01 0.0475654749   3.680599e+00   0.7728639677
ω²_IC50        2.978315e+01 9.209963e+01 0.6724463032   1.056194e+01   1.9286135577
ω²_gamma       4.756547e-02 6.724463e-01 1.0934634975   5.493884e-02   0.1054094303
σ_slope_RespPK 3.680599e+00 1.056194e+01 0.0549388352   6.839274e+03   0.4149593079
σ_inter_RespPD 7.728640e-01 1.928614e+00 0.1054094303   4.149593e-01   3.3611385292

*************************************** 
 Fixed effects 
*************************************** 

                  μ_V          μ_Cl        μ_kout        μ_Imax        μ_IC50     μ_gamma
μ_V     483.916408218 -2.517419e+01 -0.0014736973 -10.109546538  1.4154653339  0.04013153
μ_Cl    -25.174186892  1.783792e+03 -0.0005391412  -3.181873533  0.4813187882  0.28273889
μ_kout   -0.001473697 -5.391412e-04  0.8845302842   0.006794572 -0.0009422154 -0.01083619
μ_Imax  -10.109546538 -3.181874e+00  0.0067945723  42.730474927 -6.0327652746 -0.80246885
μ_IC50    1.415465334  4.813188e-01 -0.0009422154  -6.032765275  0.8744656079  0.24871028
μ_gamma   0.040131526  2.827389e-01 -0.0108361859  -0.802468849  0.2487102822  1.05564582

*************************************** 
 Variance components 
*************************************** 

                       ω²_V        ω²_Cl      ω²_kout      ω²_Imax      ω²_IC50     ω²_gamma σ_slope_RespPK σ_inter_RespPD
ω²_V           1.170352e+03 4.534602e-01 7.472493e-07 5.387692e-01 1.554435e+00 0.0001127829   1.415718e+02   0.0517912880
ω²_Cl          4.534602e-01 3.259638e+02 1.431880e-08 7.641134e-03 2.573311e-02 0.0008014851   1.988592e+01   0.0005257029
ω²_kout        7.472493e-07 1.431880e-08 1.853308e+01 1.675471e-05 4.741849e-05 0.0005661062   5.059355e-06   0.0105864824
ω²_Imax        5.387692e-01 7.641134e-03 1.675471e-05 1.015263e+01 2.978315e+01 0.0475654749   3.680599e+00   0.7728639677
ω²_IC50        1.554435e+00 2.573311e-02 4.741849e-05 2.978315e+01 9.209963e+01 0.6724463032   1.056194e+01   1.9286135577
ω²_gamma       1.127829e-04 8.014851e-04 5.661062e-04 4.756547e-02 6.724463e-01 1.0934634975   5.493884e-02   0.1054094303
σ_slope_RespPK 1.415718e+02 1.988592e+01 5.059355e-06 3.680599e+00 1.056194e+01 0.0549388352   6.839274e+03   0.4149593079
σ_inter_RespPD 5.179129e-02 5.257029e-04 1.058648e-02 7.728640e-01 1.928614e+00 0.1054094303   4.149593e-01   3.3611385292

********************************************* 
 Determinant, condition numbers and D-criterion  
*********************************************** 

Determinant: 1347970833514863104 
D-criterion: 19.7231908989833 
Conditional number of the fixed effects: 360847.051326262 
Conditional number of the random effects: 16175.4804106293 

*************************************** 
 Parameters estimation 
*************************************** 


===================================== 
  Optimal design 
===================================== 


*************************************** 
 Population Fisher Matrix 
*************************************** 

                        μ_V          μ_Cl      μ_kout      μ_Imax      μ_IC50      μ_gamma         ω²_V        ω²_Cl      ω²_kout      ω²_Imax
μ_V            442.42767946 -5.722735e+01 -0.01283957  -6.7730365  1.15398862 -0.405928724 0.000000e+00 0.000000e+00 0.000000e+00   0.00000000
μ_Cl           -57.22735145  1.757798e+03 -0.04702067  -4.7644365  1.54590129  0.005111016 0.000000e+00 0.000000e+00 0.000000e+00   0.00000000
μ_kout          -0.01283957 -4.702067e-02  0.87179742   0.7062229 -0.02945391 -0.044150390 0.000000e+00 0.000000e+00 0.000000e+00   0.00000000
μ_Imax          -6.77303648 -4.764437e+00  0.70622291 151.9673571 -3.40928835  4.462377068 0.000000e+00 0.000000e+00 0.000000e+00   0.00000000
μ_IC50           1.15398862  1.545901e+00 -0.02945391  -3.4092884  1.02517615 -0.028420509 0.000000e+00 0.000000e+00 0.000000e+00   0.00000000
μ_gamma         -0.40592872  5.111016e-03 -0.04415039   4.4623771 -0.02842051  0.955210290 0.000000e+00 0.000000e+00 0.000000e+00   0.00000000
ω²_V             0.00000000  0.000000e+00  0.00000000   0.0000000  0.00000000  0.000000000 9.782766e+02 2.343473e+00 6.785969e-05   0.36834443
ω²_Cl            0.00000000  0.000000e+00  0.00000000   0.0000000  0.00000000  0.000000000 2.343473e+00 3.165327e+02 1.231163e-04   0.02799261
ω²_kout          0.00000000  0.000000e+00  0.00000000   0.0000000  0.00000000  0.000000000 6.785969e-05 1.231163e-04 1.800493e+01   0.24293648
ω²_Imax          0.00000000  0.000000e+00  0.00000000   0.0000000  0.00000000  0.000000000 3.683444e-01 2.799261e-02 2.429365e-01 134.21483469
ω²_IC50          0.00000000  0.000000e+00  0.00000000   0.0000000  0.00000000  0.000000000 1.111090e+00 2.741889e-01 5.155276e-02  15.34076803
ω²_gamma         0.00000000  0.000000e+00  0.00000000   0.0000000  0.00000000  0.000000000 1.208395e-02 1.660741e-04 1.246779e-02   1.60481423
σ_slope_RespPK   0.00000000  0.000000e+00  0.00000000   0.0000000  0.00000000  0.000000000 2.147356e+02 2.632674e+01 6.828079e-03   1.52501867
σ_inter_RespPD   0.00000000  0.000000e+00  0.00000000   0.0000000  0.00000000  0.000000000 1.663713e-02 5.574841e-03 3.947089e-02   1.97721990
                    ω²_IC50     ω²_gamma σ_slope_RespPK σ_inter_RespPD
μ_V              0.00000000 0.0000000000   0.000000e+00    0.000000000
μ_Cl             0.00000000 0.0000000000   0.000000e+00    0.000000000
μ_kout           0.00000000 0.0000000000   0.000000e+00    0.000000000
μ_Imax           0.00000000 0.0000000000   0.000000e+00    0.000000000
μ_IC50           0.00000000 0.0000000000   0.000000e+00    0.000000000
μ_gamma          0.00000000 0.0000000000   0.000000e+00    0.000000000
ω²_V             1.11109049 0.0120839481   2.147356e+02    0.016637130
ω²_Cl            0.27418887 0.0001660741   2.632674e+01    0.005574841
ω²_kout          0.05155276 0.0124677850   6.828079e-03    0.039470891
ω²_Imax         15.34076803 1.6048142318   1.525019e+00    1.977219903
ω²_IC50        130.36343842 0.0863674220   1.088414e+01    2.574826139
ω²_gamma         0.08636742 0.9052593492   8.729990e-02    0.105996297
σ_slope_RespPK  10.88414156 0.0872999001   2.795737e+03    0.232692783
σ_inter_RespPD   2.57482614 0.1059962969   2.326928e-01    0.426249789

*************************************** 
 Fixed effects 
*************************************** 

                 μ_V          μ_Cl      μ_kout      μ_Imax      μ_IC50      μ_gamma
μ_V     442.42767946 -5.722735e+01 -0.01283957  -6.7730365  1.15398862 -0.405928724
μ_Cl    -57.22735145  1.757798e+03 -0.04702067  -4.7644365  1.54590129  0.005111016
μ_kout   -0.01283957 -4.702067e-02  0.87179742   0.7062229 -0.02945391 -0.044150390
μ_Imax   -6.77303648 -4.764437e+00  0.70622291 151.9673571 -3.40928835  4.462377068
μ_IC50    1.15398862  1.545901e+00 -0.02945391  -3.4092884  1.02517615 -0.028420509
μ_gamma  -0.40592872  5.111016e-03 -0.04415039   4.4623771 -0.02842051  0.955210290

*************************************** 
 Variance components 
*************************************** 

                       ω²_V        ω²_Cl      ω²_kout      ω²_Imax      ω²_IC50     ω²_gamma σ_slope_RespPK σ_inter_RespPD
ω²_V           9.782766e+02 2.343473e+00 6.785969e-05   0.36834443   1.11109049 0.0120839481   2.147356e+02    0.016637130
ω²_Cl          2.343473e+00 3.165327e+02 1.231163e-04   0.02799261   0.27418887 0.0001660741   2.632674e+01    0.005574841
ω²_kout        6.785969e-05 1.231163e-04 1.800493e+01   0.24293648   0.05155276 0.0124677850   6.828079e-03    0.039470891
ω²_Imax        3.683444e-01 2.799261e-02 2.429365e-01 134.21483469  15.34076803 1.6048142318   1.525019e+00    1.977219903
ω²_IC50        1.111090e+00 2.741889e-01 5.155276e-02  15.34076803 130.36343842 0.0863674220   1.088414e+01    2.574826139
ω²_gamma       1.208395e-02 1.660741e-04 1.246779e-02   1.60481423   0.08636742 0.9052593492   8.729990e-02    0.105996297
σ_slope_RespPK 2.147356e+02 2.632674e+01 6.828079e-03   1.52501867  10.88414156 0.0872999001   2.795737e+03    0.232692783
σ_inter_RespPD 1.663713e-02 5.574841e-03 3.947089e-02   1.97721990   2.57482614 0.1059962969   2.326928e-01    0.426249789

********************************************* 
 Determinant, condition numbers and D-criterion  
*********************************************** 

Determinant: 6.36420159165367e+21 
D-criterion: 36.0919444747579 
Conditional number of the fixed effects: 2312.37488361135 
Conditional number of the random effects: 8272.56086431556 

*************************************** 
 Parameters estimation 
*************************************** 

