
===================================== 
  Initial design 
===================================== 


*************************************** 
 Population Fisher Matrix 
*************************************** 

                         μ_V          μ_Cl        μ_kout        μ_Imax        μ_IC50     μ_gamma         ω²_V        ω²_Cl      ω²_kout
μ_V            483.916408218 -2.517419e+01 -0.0014736973 -10.109546538  1.4154653339  0.04013153 0.000000e+00 0.000000e+00 0.000000e+00
μ_Cl           -25.174186892  1.783792e+03 -0.0005391412  -3.181873533  0.4813187882  0.28273889 0.000000e+00 0.000000e+00 0.000000e+00
μ_kout          -0.001473697 -5.391412e-04  0.8845302842   0.006794572 -0.0009422154 -0.01083619 0.000000e+00 0.000000e+00 0.000000e+00
μ_Imax         -10.109546538 -3.181874e+00  0.0067945723  42.730474927 -6.0327652746 -0.80246885 0.000000e+00 0.000000e+00 0.000000e+00
μ_IC50           1.415465334  4.813188e-01 -0.0009422154  -6.032765275  0.8744656079  0.24871028 0.000000e+00 0.000000e+00 0.000000e+00
μ_gamma          0.040131526  2.827389e-01 -0.0108361859  -0.802468849  0.2487102822  1.05564582 0.000000e+00 0.000000e+00 0.000000e+00
ω²_V             0.000000000  0.000000e+00  0.0000000000   0.000000000  0.0000000000  0.00000000 1.170352e+03 4.534602e-01 7.472493e-07
ω²_Cl            0.000000000  0.000000e+00  0.0000000000   0.000000000  0.0000000000  0.00000000 4.534602e-01 3.259638e+02 1.431880e-08
ω²_kout          0.000000000  0.000000e+00  0.0000000000   0.000000000  0.0000000000  0.00000000 7.472493e-07 1.431880e-08 1.853308e+01
ω²_Imax          0.000000000  0.000000e+00  0.0000000000   0.000000000  0.0000000000  0.00000000 5.387692e-01 7.641134e-03 1.675471e-05
ω²_IC50          0.000000000  0.000000e+00  0.0000000000   0.000000000  0.0000000000  0.00000000 1.554435e+00 2.573311e-02 4.741849e-05
ω²_gamma         0.000000000  0.000000e+00  0.0000000000   0.000000000  0.0000000000  0.00000000 1.127829e-04 8.014851e-04 5.661062e-04
σ_slope_RespPK   0.000000000  0.000000e+00  0.0000000000   0.000000000  0.0000000000  0.00000000 1.415718e+02 1.988592e+01 5.059355e-06
σ_inter_RespPD   0.000000000  0.000000e+00  0.0000000000   0.000000000  0.0000000000  0.00000000 5.179129e-02 5.257029e-04 1.058648e-02
                    ω²_Imax      ω²_IC50     ω²_gamma σ_slope_RespPK σ_inter_RespPD
μ_V            0.000000e+00 0.000000e+00 0.0000000000   0.000000e+00   0.0000000000
μ_Cl           0.000000e+00 0.000000e+00 0.0000000000   0.000000e+00   0.0000000000
μ_kout         0.000000e+00 0.000000e+00 0.0000000000   0.000000e+00   0.0000000000
μ_Imax         0.000000e+00 0.000000e+00 0.0000000000   0.000000e+00   0.0000000000
μ_IC50         0.000000e+00 0.000000e+00 0.0000000000   0.000000e+00   0.0000000000
μ_gamma        0.000000e+00 0.000000e+00 0.0000000000   0.000000e+00   0.0000000000
ω²_V           5.387692e-01 1.554435e+00 0.0001127829   1.415718e+02   0.0517912880
ω²_Cl          7.641134e-03 2.573311e-02 0.0008014851   1.988592e+01   0.0005257029
ω²_kout        1.675471e-05 4.741849e-05 0.0005661062   5.059355e-06   0.0105864824
ω²_Imax        1.015263e+01 2.978315e+01 0.0475654749   3.680599e+00   0.7728639677
ω²_IC50        2.978315e+01 9.209963e+01 0.6724463032   1.056194e+01   1.9286135577
ω²_gamma       4.756547e-02 6.724463e-01 1.0934634975   5.493884e-02   0.1054094303
σ_slope_RespPK 3.680599e+00 1.056194e+01 0.0549388352   6.839274e+03   0.4149593079
σ_inter_RespPD 7.728640e-01 1.928614e+00 0.1054094303   4.149593e-01   3.3611385292

*************************************** 
 Fixed effects 
*************************************** 

                  μ_V          μ_Cl        μ_kout        μ_Imax        μ_IC50     μ_gamma
μ_V     483.916408218 -2.517419e+01 -0.0014736973 -10.109546538  1.4154653339  0.04013153
μ_Cl    -25.174186892  1.783792e+03 -0.0005391412  -3.181873533  0.4813187882  0.28273889
μ_kout   -0.001473697 -5.391412e-04  0.8845302842   0.006794572 -0.0009422154 -0.01083619
μ_Imax  -10.109546538 -3.181874e+00  0.0067945723  42.730474927 -6.0327652746 -0.80246885
μ_IC50    1.415465334  4.813188e-01 -0.0009422154  -6.032765275  0.8744656079  0.24871028
μ_gamma   0.040131526  2.827389e-01 -0.0108361859  -0.802468849  0.2487102822  1.05564582

*************************************** 
 Variance components 
*************************************** 

                       ω²_V        ω²_Cl      ω²_kout      ω²_Imax      ω²_IC50     ω²_gamma σ_slope_RespPK σ_inter_RespPD
ω²_V           1.170352e+03 4.534602e-01 7.472493e-07 5.387692e-01 1.554435e+00 0.0001127829   1.415718e+02   0.0517912880
ω²_Cl          4.534602e-01 3.259638e+02 1.431880e-08 7.641134e-03 2.573311e-02 0.0008014851   1.988592e+01   0.0005257029
ω²_kout        7.472493e-07 1.431880e-08 1.853308e+01 1.675471e-05 4.741849e-05 0.0005661062   5.059355e-06   0.0105864824
ω²_Imax        5.387692e-01 7.641134e-03 1.675471e-05 1.015263e+01 2.978315e+01 0.0475654749   3.680599e+00   0.7728639677
ω²_IC50        1.554435e+00 2.573311e-02 4.741849e-05 2.978315e+01 9.209963e+01 0.6724463032   1.056194e+01   1.9286135577
ω²_gamma       1.127829e-04 8.014851e-04 5.661062e-04 4.756547e-02 6.724463e-01 1.0934634975   5.493884e-02   0.1054094303
σ_slope_RespPK 1.415718e+02 1.988592e+01 5.059355e-06 3.680599e+00 1.056194e+01 0.0549388352   6.839274e+03   0.4149593079
σ_inter_RespPD 5.179129e-02 5.257029e-04 1.058648e-02 7.728640e-01 1.928614e+00 0.1054094303   4.149593e-01   3.3611385292

********************************************* 
 Determinant, condition numbers and D-criterion  
*********************************************** 

Determinant: 1347970833514863104 
D-criterion: 19.7231908989833 
Conditional number of the fixed effects: 360847.051326262 
Conditional number of the random effects: 16175.4804106293 

*************************************** 
 Parameters estimation 
*************************************** 


===================================== 
  Optimal design 
===================================== 


*************************************** 
 Population Fisher Matrix 
*************************************** 

                        μ_V          μ_Cl      μ_kout      μ_Imax      μ_IC50      μ_gamma         ω²_V        ω²_Cl      ω²_kout
μ_V            441.94785088 -5.733104e+01 -0.01236893  -6.6897988  1.17543637 -0.403676912 0.000000e+00 0.000000e+00 0.000000e+00
μ_Cl           -57.33103818  1.757901e+03 -0.04908876  -4.5647795  1.58856642  0.006000569 0.000000e+00 0.000000e+00 0.000000e+00
μ_kout          -0.01236893 -4.908876e-02  0.87055698   0.7669368 -0.03072023 -0.047722699 0.000000e+00 0.000000e+00 0.000000e+00
μ_Imax          -6.68979877 -4.564780e+00  0.76693678 149.8438349 -3.27600480  4.642986190 0.000000e+00 0.000000e+00 0.000000e+00
μ_IC50           1.17543637  1.588566e+00 -0.03072023  -3.2760048  1.05278909 -0.026917717 0.000000e+00 0.000000e+00 0.000000e+00
μ_gamma         -0.40367691  6.000569e-03 -0.04772270   4.6429862 -0.02691772  0.945633352 0.000000e+00 0.000000e+00 0.000000e+00
ω²_V             0.00000000  0.000000e+00  0.00000000   0.0000000  0.00000000  0.000000000 9.761653e+02 2.352065e+00 6.429431e-05
ω²_Cl            0.00000000  0.000000e+00  0.00000000   0.0000000  0.00000000  0.000000000 2.352065e+00 3.165699e+02 1.332942e-04
ω²_kout          0.00000000  0.000000e+00  0.00000000   0.0000000  0.00000000  0.000000000 6.429431e-05 1.332942e-04 1.795372e+01
ω²_Imax          0.00000000  0.000000e+00  0.00000000   0.0000000  0.00000000  0.000000000 3.597986e-01 2.663671e-02 2.759638e-01
ω²_IC50          0.00000000  0.000000e+00  0.00000000   0.0000000  0.00000000  0.000000000 1.142290e+00 2.888617e-01 5.579203e-02
ω²_gamma         0.00000000  0.000000e+00  0.00000000   0.0000000  0.00000000  0.000000000 1.190758e-02 1.552794e-04 1.410922e-02
σ_slope_RespPK   0.00000000  0.000000e+00  0.00000000   0.0000000  0.00000000  0.000000000 2.154432e+02 2.626036e+01 7.501810e-03
σ_inter_RespPD   0.00000000  0.000000e+00  0.00000000   0.0000000  0.00000000  0.000000000 1.646708e-02 5.516650e-03 4.158473e-02
                    ω²_Imax      ω²_IC50     ω²_gamma σ_slope_RespPK σ_inter_RespPD
μ_V              0.00000000   0.00000000 0.0000000000   0.000000e+00     0.00000000
μ_Cl             0.00000000   0.00000000 0.0000000000   0.000000e+00     0.00000000
μ_kout           0.00000000   0.00000000 0.0000000000   0.000000e+00     0.00000000
μ_Imax           0.00000000   0.00000000 0.0000000000   0.000000e+00     0.00000000
μ_IC50           0.00000000   0.00000000 0.0000000000   0.000000e+00     0.00000000
μ_gamma          0.00000000   0.00000000 0.0000000000   0.000000e+00     0.00000000
ω²_V             0.35979859   1.14229021 0.0119075801   2.154432e+02     0.01646708
ω²_Cl            0.02663671   0.28886172 0.0001552794   2.626036e+01     0.00551665
ω²_kout          0.27596382   0.05579203 0.0141092158   7.501810e-03     0.04158473
ω²_Imax        130.00546292  14.60639186 1.7300260007   1.474875e+00     1.96398687
ω²_IC50         14.60639186 137.12656759 0.0801062605   1.144390e+01     2.55068755
ω²_gamma         1.73002600   0.08010626 0.8877100554   8.591229e-02     0.10464688
σ_slope_RespPK   1.47487483  11.44390108 0.0859122893   2.796442e+03     0.23019829
σ_inter_RespPD   1.96398687   2.55068755 0.1046468779   2.301983e-01     0.42845474

*************************************** 
 Fixed effects 
*************************************** 

                 μ_V          μ_Cl      μ_kout      μ_Imax      μ_IC50      μ_gamma
μ_V     441.94785088 -5.733104e+01 -0.01236893  -6.6897988  1.17543637 -0.403676912
μ_Cl    -57.33103818  1.757901e+03 -0.04908876  -4.5647795  1.58856642  0.006000569
μ_kout   -0.01236893 -4.908876e-02  0.87055698   0.7669368 -0.03072023 -0.047722699
μ_Imax   -6.68979877 -4.564780e+00  0.76693678 149.8438349 -3.27600480  4.642986190
μ_IC50    1.17543637  1.588566e+00 -0.03072023  -3.2760048  1.05278909 -0.026917717
μ_gamma  -0.40367691  6.000569e-03 -0.04772270   4.6429862 -0.02691772  0.945633352

*************************************** 
 Variance components 
*************************************** 

                       ω²_V        ω²_Cl      ω²_kout      ω²_Imax      ω²_IC50     ω²_gamma σ_slope_RespPK σ_inter_RespPD
ω²_V           9.761653e+02 2.352065e+00 6.429431e-05   0.35979859   1.14229021 0.0119075801   2.154432e+02     0.01646708
ω²_Cl          2.352065e+00 3.165699e+02 1.332942e-04   0.02663671   0.28886172 0.0001552794   2.626036e+01     0.00551665
ω²_kout        6.429431e-05 1.332942e-04 1.795372e+01   0.27596382   0.05579203 0.0141092158   7.501810e-03     0.04158473
ω²_Imax        3.597986e-01 2.663671e-02 2.759638e-01 130.00546292  14.60639186 1.7300260007   1.474875e+00     1.96398687
ω²_IC50        1.142290e+00 2.888617e-01 5.579203e-02  14.60639186 137.12656759 0.0801062605   1.144390e+01     2.55068755
ω²_gamma       1.190758e-02 1.552794e-04 1.410922e-02   1.73002600   0.08010626 0.8877100554   8.591229e-02     0.10464688
σ_slope_RespPK 2.154432e+02 2.626036e+01 7.501810e-03   1.47487483  11.44390108 0.0859122893   2.796442e+03     0.23019829
σ_inter_RespPD 1.646708e-02 5.516650e-03 4.158473e-02   1.96398687   2.55068755 0.1046468779   2.301983e-01     0.42845474

********************************************* 
 Determinant, condition numbers and D-criterion  
*********************************************** 

Determinant: 6.31341063059134e+21 
D-criterion: 36.0712935618438 
Conditional number of the fixed effects: 2376.4096803783 
Conditional number of the random effects: 8155.67251828509 

*************************************** 
 Parameters estimation 
*************************************** 

